   3.33217287        0.500000000    
   3.33250856        0.250000000    
   3.33284378         1.31250000    
   3.33317947         97.3750000    
   3.33351469         6.25000000E-02
   3.33385038         0.00000000    
   3.33418560         0.00000000    
   3.33452129         0.00000000    
   3.33485651        0.250000000    
   3.33519220         0.00000000    
   3.33552742         0.00000000    
   3.33586311         0.00000000    
   3.33619833         0.00000000    
   3.33653402         0.00000000    
   3.33686924         0.00000000    
   3.33720493         0.00000000    
   3.33754015         0.00000000    
   3.33787584         0.00000000    
   3.33821106         0.00000000    
   3.33854675        0.250000000    
