   3.30166674         0.00000000    
   3.30499983         0.00000000    
   3.30833340         0.00000000    
   3.31166649         0.00000000    
   3.31500006         0.00000000    
   3.31833315         0.00000000    
   3.32166672         0.00000000    
   3.32499981         0.00000000    
   3.32833338         0.00000000    
   3.33166647         0.00000000    
   3.33500004         100.000000    
   3.33833313         0.00000000    
   3.34166670         0.00000000    
   3.34499979         0.00000000    
   3.34833336         0.00000000    
   3.35166645         0.00000000    
   3.35500002         0.00000000    
   3.35833359         0.00000000    
   3.36166668         0.00000000    
   3.36500025         0.00000000    
